-863.2794799804688
-868.2573852539062
-847.7993774414062
-857.0151977539062
-856.4192504882812
-854.6964721679688
-847.5082397460938
-851.7306518554688
-853.1813354492188
-837.3858032226562
-856.0385131835938
-850.7854614257812
-854.7697143554688
-853.7886352539062
-853.3219604492188
-845.4158325195312
-852.9181518554688
-867.3649291992188
-897.9989624023438
-868.9215698242188
-869.0993041992188
-877.9276733398438
-874.7374877929688
-869.9563598632812
-871.0333862304688
-870.3096313476562
-860.3604125976562
-854.8500366210938
-849.5203247070312
-858.3799438476562
-847.9202270507812
-850.9271850585938
-849.0784301757812
-855.6107788085938
-852.2444458007812
-855.2662963867188
-855.3984985351562
-855.4070434570312
-851.4083862304688
-845.6364135742188
-839.1067504882812
-844.4765014648438
-849.1307983398438
-846.0692749023438
-850.3504028320312
-847.0612182617188
-836.4303588867188
-833.8766479492188
-837.3660278320312
-837.2941284179688
-832.1018676757812
-837.7953491210938
-840.8067016601562
-837.1520385742188
-844.1986694335938
-841.6785278320312
-852.0111694335938
-856.0731811523438
-840.8805541992188
-862.0536499023438
-863.4931030273438
-870.8150024414062
-869.5393676757812
-873.6151733398438
-882.2009887695312
-878.8297729492188
-869.9083862304688
-876.2810668945312
-872.5614624023438
-878.2211303710938
-885.2859497070312
-885.0824584960938
-879.8178100585938
-881.7492065429688
-881.7879028320312
-875.7183227539062
-874.9334106445312
-862.3695678710938
-867.1362915039062
-860.1554565429688
-876.3378295898438
-883.6724243164062
-884.3353881835938
-886.5707397460938
-877.0213012695312
-879.2116088867188
-887.5993041992188
-878.5745239257812
-876.6323852539062
-881.1867065429688
-872.8861694335938
-877.0682983398438
-865.3892211914062
-867.8527221679688
-868.6222534179688
-863.0774536132812
-850.6991577148438
-875.2863159179688
-865.3740844726562
-856.0835571289062
-833.9536743164062
-836.6019897460938
-835.4974975585938
-837.5037231445312
-828.9351196289062
-842.2236938476562
-838.1099243164062
-835.3222045898438
-834.7409057617188
-845.2105102539062
-833.7273559570312
-832.7886352539062
-833.6625366210938
-828.7228393554688
-817.5546264648438
-818.6058959960938
-830.6636352539062
-827.6537475585938
-812.7114868164062
-807.9828491210938
-814.2741088867188
-821.8035278320312
-838.9342651367188
-824.8960571289062
-819.1076049804688
-836.1666870117188
-837.5375366210938
-833.6858520507812
-843.5134887695312
-837.9650268554688
-829.4592895507812
-829.1340942382812
-811.0761108398438
-823.0689086914062
-825.1404418945312
-814.6054077148438
-828.9871215820312
-829.3056030273438
-829.8059692382812
-873.1307983398438
-845.5245971679688
-848.6270141601562
-857.9686889648438
-859.4807739257812
-862.6244506835938
-855.2160034179688
-859.3944702148438
-870.3251342773438
-867.0833129882812
-864.8775024414062
-867.8484497070312
-860.9061889648438
-865.1026000976562
-875.6380004882812
-869.2626342773438
-870.2369995117188
-869.6315307617188
-860.5741577148438
-871.4386596679688
-865.8102416992188
-863.4959106445312
-847.3661499023438
-844.0932006835938
-840.4509887695312
-858.6852416992188
-843.2660522460938
-850.7578735351562
-852.0979614257812
-856.1603393554688
-857.6199340820312
-859.5391235351562
-856.7761840820312
-862.4036254882812
-868.4795532226562
-856.6876831054688
-855.3882446289062
-854.3596801757812
-855.4154663085938
-855.4559936523438
-849.9898071289062
-869.9052124023438
-843.5942993164062
-849.1299438476562
-862.3662719726562
-855.2273559570312
-850.9111938476562
-858.4827270507812
-851.5972290039062
-855.8150024414062
-864.6220092773438
-855.0635375976562
-847.8589477539062
-862.1566772460938
-865.7767944335938
-866.4973754882812
-861.0455932617188
-859.9271850585938
-859.1124877929688
-859.7951049804688
-862.8523559570312
-875.2062377929688
-871.0552368164062
-867.3724975585938
-861.5508422851562
-893.4269409179688
-915.7520141601562
-899.0907592773438
-892.1179809570312
-877.3748168945312
-878.3838500976562
-890.7693481445312
-884.7764282226562
-883.5253295898438
-889.5192260742188
-894.0801391601562
-899.6366577148438
-890.3661499023438
-901.7245483398438
-900.8176879882812
-894.3964233398438
-901.4286499023438
-899.4203491210938
-892.2683715820312
-889.9740600585938
-888.0457153320312
-875.1423950195312
-879.1802368164062
-866.7371215820312
-863.6791381835938
-873.5657348632812
-880.6574096679688
-865.4508666992188
-865.9536743164062
-847.3175659179688
-866.2053833007812
-863.4624633789062
-872.8153686523438
-844.6002807617188
-861.4244995117188
-861.0914916992188
-857.1559448242188
-856.8910522460938
-862.1295776367188
-863.2804565429688
-861.0662231445312
-870.8602905273438
-862.2750854492188
-848.0822143554688
-851.6051635742188
-859.8712768554688
-853.1452026367188
-852.4961547851562
-850.3762817382812
-862.8407592773438
-858.4342651367188
-852.4786987304688
-857.7128295898438
-857.0812377929688
-857.8695678710938
-858.1823120117188
-847.4060668945312
-854.1554565429688
-859.9608764648438
-859.9375610351562
-857.8766479492188
-877.8589477539062
-877.8566284179688
-893.7522583007812
-918.2437133789062
-893.1924438476562
-892.4213256835938
-879.9197387695312
-891.6450805664062
-903.8124389648438
-895.0520629882812
-883.4619750976562
-884.4483032226562
-883.3538208007812
-893.1921997070312
-891.2235717773438
-892.2012329101562
-889.1256713867188
-883.9927368164062
-879.1469116210938
-876.9091186523438
-878.9274291992188
-867.7742309570312
-863.2427368164062
-870.6216430664062
-863.9241333007812
-870.2130737304688
-876.2128295898438
-868.3515014648438
-876.6276245117188
-872.4607543945312
-881.5923461914062
-875.9960327148438
-874.6329956054688
-878.8347778320312
-884.5460815429688
-876.0885620117188
-872.0559692382812
-888.2294311523438
-893.3276977539062
-879.8076782226562
-878.7268676757812
-873.5941772460938
-879.8611450195312
-881.6119995117188
-871.1217651367188
-876.3953247070312
-871.4782104492188
-872.1332397460938
-875.0465698242188
-868.9802856445312
-869.3109741210938
-866.9026489257812
-883.0590209960938
-850.3590698242188
-890.8240356445312
-872.0530395507812
-874.3923950195312
-869.2963256835938
-851.2976684570312
-859.5675659179688
-870.2686157226562
-866.4135131835938
-864.2579956054688
-870.3527221679688
-884.0361938476562
-876.8171997070312
-873.1091918945312
-870.9146118164062
-873.6947631835938
-881.0596313476562
-907.4708862304688
-883.1712036132812
-870.7976684570312
-873.9060668945312
-858.9146118164062
-876.4660034179688
-878.5968627929688
-870.8738403320312
-870.2719116210938
-878.6975708007812
-869.1744995117188
-863.4776000976562
-853.9738159179688
-849.9133911132812
-854.9968872070312
-863.4779663085938
-848.8628540039062
-852.8596801757812
-851.6638793945312
-855.4833374023438
-838.4490356445312
-868.9722290039062
-867.2554321289062
-864.5123901367188
-867.7684936523438
-874.1795043945312
-872.2499389648438
-867.8298950195312
-869.8712768554688
-876.9026489257812
-872.9130249023438
-865.4208374023438
-867.1764526367188
-862.7882690429688
-863.5819702148438
-869.2980346679688
-854.8679809570312
-839.4469604492188
-854.5935668945312
-854.9030151367188
-851.2384643554688
-841.3629760742188
-841.4119262695312
-852.0608520507812
-854.4201049804688
-862.0979614257812
-852.8198852539062
-847.9181518554688
-852.2459106445312
-861.7428588867188
-853.8555297851562
-854.3048706054688
-864.4614868164062
-866.7811889648438
-854.0444946289062
-856.6896362304688
-855.1920776367188
-851.4111938476562
-856.1692504882812
-859.4170532226562
-864.6220092773438
-858.5307006835938
-858.2189331054688
-851.0651245117188
-865.1672973632812
-856.1763305664062
-857.5599975585938
-868.1162719726562
-871.2726440429688
-868.7791137695312
-871.8037719726562
-870.8989868164062
-866.1998901367188
-871.3217163085938
-881.4413452148438
-871.8128051757812
-871.1592407226562
-870.4793090820312
-878.6998901367188
-865.1102905273438
-877.9050903320312
-865.6057739257812
-874.9664916992188
-880.4982299804688
-876.9514770507812
-877.4022827148438
-880.2118530273438
-879.9425659179688
-882.0319213867188
-877.9126586914062
-877.8170776367188
-875.7277221679688
-874.2888793945312
-882.1956176757812
-875.9983520507812
-876.7227172851562
-876.9356079101562
-880.6237182617188
-878.6337280273438
-880.9523315429688
-891.3156127929688
-875.6694946289062
-883.6364135742188
-881.7423706054688
-876.4202270507812
-877.8859252929688
-877.3093872070312
-873.0280151367188
-866.1298217773438
-870.3396606445312
-865.5715942382812
-870.0796508789062
-886.1091918945312
-868.5624389648438
-866.7548217773438
-879.9834594726562
-878.2841186523438
-883.3859252929688
-881.5686645507812
-889.5202026367188
-874.0765991210938
-880.0636596679688
-882.6249389648438
-876.5932006835938
-887.3616333007812
-884.6935424804688
-887.0814819335938
-902.5918579101562
-901.7842407226562
-889.6868286132812
-894.0912475585938
-893.4951782226562
-885.9658813476562
-888.9931030273438
-892.0339965820312
-893.3526000976562
-886.5071411132812
-896.1334838867188
-891.8594360351562
-893.9207153320312
-898.1206665039062
-889.9629516601562
-887.2311401367188
-887.8742065429688
-886.9735717773438
-885.8676147460938
-886.9867553710938
-884.7095336914062
-895.1384887695312
-888.4078979492188
-893.2335815429688
-886.5409545898438
-892.7798461914062
-892.7019653320312
-893.6367797851562
-896.3799438476562
-891.0967407226562
-892.3677368164062
-893.8880004882812
-893.0812377929688
-892.3427124023438
-896.0123901367188
-892.0910034179688
-884.8018188476562
-895.0584106445312
-898.1553344726562
-890.8392944335938
-893.6763305664062
-890.7048950195312
-894.3496704101562
-894.2271118164062
-896.3877563476562
-886.7542114257812
-894.7748413085938
-893.0458374023438
-887.3291625976562
-888.1041870117188
-889.4644165039062
-897.5978393554688
-885.7977905273438
-887.7988891601562
-888.2456665039062
-889.1321411132812
-873.4806518554688
-866.2975463867188
-882.4136352539062
-874.6012573242188
-876.5629272460938
-889.8493041992188
-893.1060180664062
-891.0252075195312
-872.4592895507812
-885.0756225585938
-892.7258911132812
-889.0822143554688
-898.4981079101562
-892.9562377929688
-896.3088989257812
-901.8390502929688
-893.7122192382812
-878.9658813476562
-917.1643676757812
-910.6632690429688
-898.4221801757812
-913.5899047851562
-908.9110717773438
-911.0833129882812
-918.9522094726562
-920.8103637695312
-918.5018920898438
-907.2118530273438
-914.5513305664062
-918.4358520507812
-922.4490356445312
-920.6649780273438
-917.7758178710938
-915.7614135742188
-913.4309692382812
-913.5961303710938
-914.1807250976562
-911.0022583007812
-920.2233276367188
-913.6516723632812
-920.9390258789062
-914.4100952148438
-914.7986450195312
-917.4509887695312
-911.9852905273438
-912.0707397460938
-912.3826293945312
-913.2633666992188
-918.2080688476562
-910.0155639648438
-913.1074829101562
-914.6460571289062
-907.8462524414062
-913.1983032226562
-906.5409545898438
-914.7705688476562
-914.2694702148438
-930.5977172851562
-920.5996704101562
-904.9517211914062
-894.4981079101562
-888.6495971679688
-877.0995483398438
-883.3526000976562
-875.9821166992188
-883.6491088867188
-874.2427368164062
-881.7420043945312
-885.2083129882812
-891.9561157226562
-891.3162231445312
-869.6602172851562
-879.6979370117188
-895.5585327148438
-885.5624389648438
-881.6817016601562
-886.3992309570312
-881.6376342773438
-887.5161743164062
-882.2019653320312
-883.1729125976562
-882.4738159179688
-881.0497436523438
-872.9465942382812
-874.0722045898438
-865.4142456054688
-849.0289916992188
-849.6112670898438
-872.7835083007812
-852.5780639648438
-859.8108520507812
-864.9697875976562
-867.9313354492188
-844.7985229492188
-851.8827514648438
-849.2639770507812
-851.4540405273438
-843.8341674804688
-840.8875122070312
-849.7848510742188
-841.2822875976562
-837.7316284179688
-836.8048706054688
-835.7592163085938
-839.5691528320312
-836.0122680664062
-837.6127319335938
-825.5386352539062
-835.5189819335938
-847.5921020507812
-847.1813354492188
-834.5787963867188
-835.8259887695312
-841.8720092773438
-846.8074340820312
-841.1692504882812
-841.7311401367188
-859.6276245117188
-843.2212524414062
-851.8666381835938
-853.1994018554688
-848.8679809570312
-849.9519653320312
-846.3350219726562
-845.6030883789062
-842.8007202148438
-850.2669067382812
-856.0261840820312
-859.5755004882812
-852.5481567382812
-871.6221313476562
-856.9671020507812
-855.0958862304688
-856.5191040039062
-855.0607299804688
-858.6022338867188
-853.5411987304688
-840.6676635742188
-845.9854125976562
-861.8971557617188
-851.4668579101562
-853.1561889648438
-847.9038696289062
-846.5278930664062
-845.7968139648438
-846.3272094726562
-847.3694458007812
-855.8639526367188
-843.5670776367188
-843.2341918945312
-847.4080200195312
-842.5874633789062
-839.7612915039062
-829.9682006835938
-830.2175903320312
-848.5267944335938
-839.8798217773438
-840.6901245117188
-843.0972290039062
-842.5523071289062
-846.4490356445312
-842.6422729492188
-837.5267944335938
-832.1586303710938
-838.8549194335938
-849.5397338867188
-834.4931030273438
-849.9342651367188
-844.5353393554688
-843.3187866210938
-835.8577270507812
-840.7539672851562
-836.2318725585938
-842.2077026367188
-845.9403686523438
-843.4133911132812
-833.6522827148438
-832.6406860351562
-820.1213989257812
-820.3268432617188
-830.3923950195312
-823.3297729492188
-830.4989624023438
-835.0464477539062
-829.2423706054688
-836.6729125976562
-831.6881713867188
-832.0864868164062
-838.3054809570312
-840.2608032226562
-849.8120727539062
-852.5280151367188
-868.4265747070312
-835.1480102539062
-824.7820434570312
-815.0631713867188
-816.7660522460938
-779.4756469726562
-791.9446411132812
-799.0492553710938
-786.8034057617188
-781.0371704101562
-785.7185668945312
-783.7205200195312
-783.5944213867188
-792.1504516601562
-788.4750366210938
-805.1148071289062
-793.6672973632812
-798.8245239257812
-803.9312133789062
-828.0315551757812
-822.7615356445312
-817.1315307617188
-808.2487182617188
-806.0211791992188
-805.4968872070312
-819.0447387695312
-817.3778686523438
-799.8027954101562
-794.2560424804688
-796.6867065429688
-802.4161987304688
-800.6251831054688
-799.4909057617188
-799.2362670898438
-801.1376342773438
-807.8796997070312
-805.8965454101562
-789.6753540039062
-781.8395385742188
-786.1201782226562
-774.4268188476562
-792.5022583007812
-789.1698608398438
-787.4253540039062
-787.3584594726562
-801.9505004882812
-793.2262573242188
-789.3820190429688
-794.2543334960938
-784.9695434570312
-799.1895141601562
-791.7069702148438
-795.1864624023438
-794.1127319335938
-797.3743286132812
-789.6223754882812
-794.3265991210938
-804.3364868164062
-798.4507446289062
-816.4081420898438
-809.8663940429688
-814.5342407226562
-803.7164916992188
-807.8446655273438
-809.1742553710938
-804.6454467773438
-805.3746948242188
-792.4662475585938
-789.6464233398438
-772.4738159179688
-749.6141967773438
-742.2499389648438
-745.6536254882812
-740.7185668945312
-760.3109741210938
-743.3499145507812
-753.9298706054688
-749.7145385742188
-747.0442504882812
-737.2070922851562
-739.5090942382812
-754.2221069335938
-755.3381958007812
-765.1047973632812
-749.9710083007812
-764.6348266601562
-747.5872192382812
-750.9009399414062
-744.0520629882812
-737.4074096679688
-737.5635375976562
-745.2520141601562
-735.3473510742188
-752.4728393554688
-755.7498168945312
-755.3585815429688
-752.0916137695312
-752.1021118164062
-761.9588012695312
-763.4171752929688
-770.1868286132812
-775.0012817382812
-739.7611694335938
-766.6099243164062
-763.2909545898438
-764.1084594726562
-762.9636840820312
-754.6941528320312
-763.8106079101562
-759.4689331054688
-757.1913452148438
-747.1333618164062
-741.6687622070312
-716.6019897460938
-717.7297973632812
-727.6865844726562
-725.6176147460938
-717.7141723632812
-704.9321899414062
-688.9739379882812
-673.1268920898438
-682.9630737304688
-684.6831665039062
-671.4611206054688
-684.6415405273438
-684.8674926757812
-678.2625122070312
-678.9369506835938
-679.2588500976562
-678.5227661132812
